0 6.660896408059049e-05
1 0.00024362996836973166
2 6.660896408059049e-05
3 0.0001393080893077701
4 0.00024362996836973171
5 0.0002000760130415929
6 6.660896408059049e-05
7 0.0007595814414699941
8 0.0007595814414699941
9 6.660896408059049e-05
10 6.660896408059049e-05
11 6.660896408059049e-05
12 0.00023215632966613382
13 6.660896408059049e-05
14 6.660896408059049e-05
15 6.660896408059049e-05
16 6.660896408059049e-05
17 0.00013981448867221862
18 6.660896408059049e-05
19 6.660896408059049e-05
20 0.00010661451387202378
21 0.00010458891641422968
22 6.660896408059049e-05
23 6.660896408059049e-05
24 9.699292594750186e-05
25 6.660896408059049e-05
26 6.660896408059049e-05
27 9.699292594750187e-05
28 6.660896408059049e-05
29 6.660896408059049e-05
30 6.660896408059049e-05
31 6.660896408059049e-05
32 6.660896408059049e-05
33 6.660896408059049e-05
34 0.00028887702509463063
35 0.0029130801620122332
36 0.0025162341646037976
37 8.180534289287208e-05
38 0.00014342929098885049
39 8.180534289287208e-05
40 6.660896408059049e-05
41 6.660896408059049e-05
42 0.00018341618264575078
43 0.0001986125614580325
44 0.002588608437188524
45 6.660896408059049e-05
46 6.660896408059049e-05
47 7.128341975242301e-05
48 0.0025057122414633487
49 6.660896408059049e-05
50 6.660896408059049e-05
51 6.660896408059049e-05
52 0.00025606947429386237
53 6.660896408059049e-05
54 6.660896408059049e-05
55 0.0001037996545281149
56 0.013737247593988413
57 6.660896408059049e-05
58 0.00252090862027563
59 6.660896408059049e-05
60 7.128341975242301e-05
61 7.128341975242301e-05
62 0.00013670930226825285
63 6.660896408059049e-05
64 9.571667740087681e-05
65 9.571667740087682e-05
66 6.660896408059049e-05
67 6.660896408059049e-05
68 6.660896408059049e-05
69 6.660896408059049e-05
70 6.660896408059049e-05
71 6.660896408059049e-05
72 8.686493865853144e-05
73 6.660896408059049e-05
74 6.660896408059049e-05
75 6.660896408059049e-05
76 6.660896408059049e-05
77 6.660896408059049e-05
78 0.0018968743470758039
79 0.0020061914108007364
80 0.0009318760433208934
81 6.660896408059049e-05
82 9.699292594750194e-05
83 0.0006275563722027155
84 6.660896408059049e-05
85 6.660896408059049e-05
86 6.660896408059049e-05
87 0.0007595814414699907
88 0.00021816859400622054
89 0.00016612752440833874
90 6.660896408059049e-05
91 6.660896408059049e-05
92 0.0002181685940062205
93 0.00015956406388571107
94 6.660896408059049e-05
95 6.660896408059049e-05
96 6.660896408059049e-05
97 6.660896408059049e-05
98 0.00016612752440833877
99 6.660896408059049e-05
100 0.0007595814414699897
101 0.00016612752440833877
102 6.660896408059049e-05
103 6.660896408059049e-05
104 9.699292594750195e-05
105 6.660896408059049e-05
106 0.00019798545777947196
