brown 1 0.0 2 0.0 3 0.0 
university 1 0.4054651081081644 3 0.2027325540540822 
private 1 0.13515503603605478 3 0.2027325540540822 
ivy 1 0.3662040962227032 
league 1 0.3662040962227032 
research 1 0.13515503603605478 3 0.2027325540540822 
huio 1 0.3662040962227032 
providence 2 1.0986122886681098 
rhode 2 0.7324081924454064 
island 2 0.7324081924454064 
capital 2 0.3662040962227032 
home 2 0.3662040962227032 
many 2 0.3662040962227032 
universities 2 0.3662040962227032 
including 2 0.3662040962227032 
college 2 0.3662040962227032 
nelson 3 1.0986122886681098 
center 3 1.0986122886681098 
entrepreneurship 3 1.0986122886681098 
business 3 0.5493061443340549 
incubator 3 0.5493061443340549 
